1770615963752 0.15711 3
1770616316540 0.22251 4
1770616671635 0.24432 5
1770617062557 0.26447 6
1770617427396 0.27642 7
1770617833648 0.2892 8
1770618200204 0.29104 9
1770618557418 0.29451 10
1770618933491 0.30509 11
1770619303687 0.30275 12
1770619659361 0.31571 13
1770620014728 0.33832 14
1770620399139 0.33109 15
1770620822758 0.34922 16
1770621216122 0.36087 17
1770621614053 0.35209 18
1770622021004 0.36317 19
1770622409056 0.3685 20
1770622793799 0.37664 21
1770623213273 0.37128 22
1770623572308 0.38238 23
1770624009536 0.40693 24
1770624477766 0.40027 25
1770624858739 0.4033 26
1770625269815 0.41917 27
1770632804639 0.41114 28
1770639552438 0.42714 29
1770639628468 0.427277913708416 29
