1770615963752 0.34065 3
1770616316540 0.4535 4
1770616671635 0.48966 5
1770617062557 0.53157 6
1770617427396 0.51906 7
1770617833648 0.57014 8
1770618200204 0.56249 9
1770618557418 0.57917 10
1770618933491 0.57693 11
1770619303687 0.57556 12
1770619659361 0.59281 13
1770620014728 0.63928 14
1770620399139 0.61895 15
1770620822758 0.63794 16
1770621216122 0.66019 17
1770621614053 0.65466 18
1770622021004 0.66581 19
1770622409056 0.66466 20
1770622793799 0.68137 21
1770623213273 0.66403 22
1770623572308 0.68298 23
1770624009536 0.71287 24
1770624477766 0.70968 25
1770624858739 0.7136 26
1770625269815 0.72773 27
1770632804639 0.70989 28
1770639552438 0.7387 29
1770639628468 0.7387403514102279 29
