1770615963752 0.42751 3
1770616316540 0.51795 4
1770616671635 0.57228 5
1770617062557 0.6264 6
1770617427396 0.61176 7
1770617833648 0.64849 8
1770618200204 0.62858 9
1770618557418 0.60141 10
1770618933491 0.62052 11
1770619303687 0.64773 12
1770619659361 0.62511 13
1770620014728 0.69387 14
1770620399139 0.65879 15
1770620822758 0.66577 16
1770621216122 0.67187 17
1770621614053 0.67814 18
1770622021004 0.70734 19
1770622409056 0.69461 20
1770622793799 0.73373 21
1770623213273 0.67959 22
1770623572308 0.72334 23
1770624009536 0.72539 24
1770624477766 0.74659 25
1770624858739 0.744 26
1770625269815 0.72351 27
1770632804639 0.74439 28
1770639552438 0.76093 29
1770639628468 0.7609701515292823 29
