1770615963752 0.39889 3
1770616316540 0.42995 4
1770616671635 0.43892 5
1770617062557 0.46515 6
1770617427396 0.46377 7
1770617833648 0.51819 8
1770618200204 0.50518 9
1770618557418 0.53315 10
1770618933491 0.52249 11
1770619303687 0.50587 12
1770619659361 0.54086 13
1770620014728 0.56246 14
1770620399139 0.56522 15
1770620822758 0.55832 16
1770621216122 0.59558 17
1770621614053 0.58454 18
1770622021004 0.60179 19
1770622409056 0.58592 20
1770622793799 0.57902 21
1770623213273 0.59903 22
1770623572308 0.61077 23
1770624009536 0.63147 24
1770624477766 0.61698 25
1770624858739 0.63285 26
1770625269815 0.65424 27
1770632804639 0.62505 28
1770639552438 0.63492 29
1770639628468 0.6349206349206349 29
