0 0.5817307692307693 0.8353365384615384 0.14423076923076922 0.0985576923076923
0 0.49158653846153844 0.7572115384615384 0.09134615384615384 0.04807692307692308
0 0.3485576923076923 0.7956730769230769 0.0985576923076923 0.0625
0 0.40024038461538464 0.8858173076923077 0.07692307692307693 0.06009615384615385
0 0.13942307692307693 0.765625 0.1466346153846154 0.07211538461538461
0 0.21394230769230768 0.7139423076923077 0.11298076923076923 0.055288461538461536
0 0.41466346153846156 0.7475961538461539 0.07211538461538461 0.055288461538461536
0 0.6983173076923077 0.6586538461538461 0.08173076923076923 0.03365384615384615
0 0.7704326923076923 0.6189903846153846 0.04567307692307692 0.028846153846153848
0 0.5552884615384616 0.5997596153846154 0.07211538461538461 0.040865384615384616
0 0.41586538461538464 0.5853365384615384 0.10576923076923077 0.04807692307692308
0 0.31850961538461536 0.5709134615384616 0.08413461538461539 0.04326923076923077
0 0.5817307692307693 0.5036057692307693 0.08413461538461539 0.038461538461538464
0 0.7007211538461539 0.5504807692307693 0.055288461538461536 0.028846153846153848