0 0.48677884615384615 0.9254807692307693 0.25240384615384615 0.14903846153846154
0 0.7620192307692307 0.8942307692307693 0.47596153846153844 0.19230769230769232
0 0.9567307692307693 0.7836538461538461 0.08653846153846154 0.11538461538461539
0 0.7475961538461539 0.7463942307692307 0.06971153846153846 0.057692307692307696
0 0.5492788461538461 0.6995192307692307 0.125 0.08173076923076923
0 0.47475961538461536 0.7944711538461539 0.2764423076923077 0.0889423076923077
0 0.27884615384615385 0.8473557692307693 0.12980769230769232 0.0889423076923077
0 0.25240384615384615 0.703125 0.0673076923076923 0.0625
0 0.3894230769230769 0.5985576923076923 0.08173076923076923 0.04567307692307692
0 0.25721153846153844 0.5204326923076923 0.11057692307692307 0.057692307692307696
0 0.078125 0.7680288461538461 0.15625 0.3125
0 0.6983173076923077 0.6274038461538461 0.16826923076923078 0.09615384615384616