0 0.359375 0.6117788461538461 0.30288461538461536 0.25
0 0.6129807692307693 0.8665865384615384 0.3245192307692308 0.2668269230769231
0 0.8377403846153846 0.5192307692307693 0.3245192307692308 0.27884615384615385
0 0.625 0.4795673076923077 0.125 0.13221153846153846
0 0.38461538461538464 0.4206730769230769 0.2644230769230769 0.15625
0 0.3641826923076923 0.2932692307692308 0.15625 0.08173076923076923
0 0.5793269230769231 0.3016826923076923 0.12980769230769232 0.06490384615384616
0 0.203125 0.15144230769230768 0.16346153846153846 0.09375
0 0.203125 0.24158653846153846 0.07932692307692307 0.08173076923076923
0 0.12740384615384615 0.375 0.16105769230769232 0.07211538461538461
0 0.03485576923076923 0.5072115384615384 0.06971153846153846 0.10336538461538461