0 0.5264423076923077 0.8846153846153846 0.16826923076923078 0.21634615384615385
0 0.4855769230769231 0.6790865384615384 0.1778846153846154 0.2283653846153846
0 0.3557692307692308 0.5432692307692307 0.125 0.11538461538461539
0 0.5264423076923077 0.4987980769230769 0.1658653846153846 0.10096153846153846
0 0.5901442307692307 0.3798076923076923 0.07692307692307693 0.07692307692307693
0 0.7139423076923077 0.3942307692307692 0.07692307692307693 0.0889423076923077
0 0.3629807692307692 0.4495192307692308 0.09375 0.07451923076923077
0 0.20552884615384615 0.4050480769230769 0.2091346153846154 0.11057692307692307
0 0.15264423076923078 0.30649038461538464 0.16346153846153846 0.10096153846153846
0 0.25961538461538464 0.2283653846153846 0.07211538461538461 0.055288461538461536
0 0.34375 0.3088942307692308 0.07692307692307693 0.09615384615384616
0 0.4987980769230769 0.19591346153846154 0.11778846153846154 0.06009615384615385
0 0.7415865384615384 0.2403846153846154 0.057692307692307696 0.06009615384615385
0 0.8918269230769231 0.11899038461538461 0.1875 0.11057692307692307