0 0.5600961538461539 0.8329326923076923 0.2620192307692308 0.19230769230769232
0 0.09014423076923077 0.7271634615384616 0.12740384615384615 0.12259615384615384
0 0.5685096153846154 0.5072115384615384 0.18509615384615385 0.12980769230769232
0 0.6586538461538461 0.41947115384615385 0.1658653846153846 0.0673076923076923
0 0.546875 0.38221153846153844 0.15384615384615385 0.07451923076923077
0 0.6730769230769231 0.3485576923076923 0.12740384615384615 0.055288461538461536
0 0.39903846153846156 0.4170673076923077 0.10336538461538461 0.055288461538461536
0 0.4098557692307692 0.37740384615384615 0.0985576923076923 0.052884615384615384
0 0.31971153846153844 0.36538461538461536 0.0625 0.06490384615384616
0 0.3713942307692308 0.33533653846153844 0.08173076923076923 0.040865384615384616
0 0.21754807692307693 0.5625 0.15865384615384615 0.20432692307692307
0 0.7788461538461539 0.84375 0.10336538461538461 0.18990384615384615
0 0.48677884615384615 0.33653846153846156 0.06009615384615385 0.038461538461538464
0 0.5721153846153846 0.33413461538461536 0.06009615384615385 0.04326923076923077
0 0.6165865384615384 0.3112980769230769 0.0985576923076923 0.036057692307692304
0 0.5769230769230769 0.2824519230769231 0.09615384615384616 0.038461538461538464
0 0.6298076923076923 0.25 0.052884615384615384 0.03365384615384615
0 0.6971153846153846 0.2536057692307692 0.0625 0.02403846153846154
0 0.4254807692307692 0.2776442307692308 0.06490384615384616 0.05048076923076923
0 0.47475961538461536 0.25240384615384615 0.07692307692307693 0.03125