0 0.2860576923076923 0.15745192307692307 0.19230769230769232 0.19951923076923078
0 0.5853365384615384 0.33653846153846156 0.17307692307692307 0.11298076923076923
0 0.9447115384615384 0.5180288461538461 0.10576923076923077 0.08653846153846154
0 0.5072115384615384 0.421875 0.10576923076923077 0.0673076923076923
0 0.3173076923076923 0.3389423076923077 0.20432692307692307 0.08653846153846154
0 0.38100961538461536 0.47716346153846156 0.0625 0.04807692307692308
0 0.23677884615384615 0.4651442307692308 0.15144230769230768 0.1201923076923077
0 0.23677884615384615 0.5805288461538461 0.11778846153846154 0.057692307692307696
0 0.3858173076923077 0.6346153846153846 0.0625 0.04807692307692308
0 0.6382211538461539 0.5516826923076923 0.04807692307692308 0.052884615384615384
0 0.47836538461538464 0.6911057692307693 0.052884615384615384 0.036057692307692304
0 0.44471153846153844 0.7524038461538461 0.08173076923076923 0.06009615384615385
0 0.3401442307692308 0.6935096153846154 0.0889423076923077 0.03365384615384615