0 0.32572115384615385 0.140625 0.49278846153846156 0.28125
0 0.6862980769230769 0.38461538461538464 0.28125 0.2091346153846154
0 0.8473557692307693 0.057692307692307696 0.28365384615384615 0.11538461538461539
0 0.9338942307692307 0.25600961538461536 0.13221153846153846 0.14423076923076922
0 0.9074519230769231 0.5324519230769231 0.18509615384615385 0.15625
0 0.6430288461538461 0.6370192307692307 0.2620192307692308 0.08413461538461539
0 0.3293269230769231 0.5552884615384616 0.4254807692307692 0.20432692307692307
0 0.04447115384615385 0.27283653846153844 0.0889423076923077 0.125
0 0.20793269230769232 0.7560096153846154 0.19230769230769232 0.07692307692307693
0 0.25721153846153844 0.6995192307692307 0.06490384615384616 0.038461538461538464
0 0.49038461538461536 0.71875 0.20432692307692307 0.08653846153846154
0 0.8942307692307693 0.7512019230769231 0.1875 0.18990384615384615
0 0.6237980769230769 0.8100961538461539 0.16346153846153846 0.06009615384615385
0 0.3485576923076923 0.8329326923076923 0.22355769230769232 0.06971153846153846
0 0.5444711538461539 0.8870192307692307 0.16105769230769232 0.06009615384615385
0 0.6802884615384616 0.8810096153846154 0.11778846153846154 0.04807692307692308
0 0.7620192307692307 0.9362980769230769 0.22596153846153846 0.036057692307692304
0 0.30649038461538464 0.9471153846153846 0.15384615384615385 0.07451923076923077