0 0.8870192307692307 0.8209134615384616 0.14423076923076922 0.16105769230769232
0 0.8052884615384616 0.890625 0.10336538461538461 0.11057692307692307
0 0.6682692307692307 0.9038461538461539 0.11057692307692307 0.1201923076923077
0 0.6117788461538461 0.9747596153846154 0.13942307692307693 0.05048076923076923
0 0.5204326923076923 0.8882211538461539 0.10576923076923077 0.10576923076923077
0 0.43990384615384615 0.7704326923076923 0.08653846153846154 0.08413461538461539
0 0.5757211538461539 0.7548076923076923 0.10096153846153846 0.09134615384615384
0 0.6790865384615384 0.7307692307692307 0.10576923076923077 0.09134615384615384
0 0.7728365384615384 0.6862980769230769 0.09134615384615384 0.07932692307692307
0 0.8786057692307693 0.6959134615384616 0.05048076923076923 0.052884615384615384
0 0.3762019230769231 0.9603365384615384 0.15384615384615385 0.07932692307692307
0 0.24519230769230768 0.7295673076923077 0.37740384615384615 0.22115384615384615
0 0.10096153846153846 0.9050480769230769 0.20192307692307693 0.18990384615384615
0 0.48677884615384615 0.5252403846153846 0.12740384615384615 0.10576923076923077
0 0.6454326923076923 0.5324519230769231 0.0673076923076923 0.04807692307692308
0 0.5793269230769231 0.546875 0.036057692307692304 0.026442307692307692
0 0.5456730769230769 0.5757211538461539 0.04326923076923077 0.03365384615384615
0 0.8713942307692307 0.5504807692307693 0.07451923076923077 0.08173076923076923
0 0.8112980769230769 0.4699519230769231 0.08173076923076923 0.0985576923076923
0 0.46274038461538464 0.43509615384615385 0.07932692307692307 0.06009615384615385
0 0.6430288461538461 0.4483173076923077 0.04567307692307692 0.040865384615384616
0 0.5336538461538461 0.4519230769230769 0.04326923076923077 0.036057692307692304