0 0.4387019230769231 0.13942307692307693 0.13221153846153846 0.1875
0 0.5048076923076923 0.2980769230769231 0.19230769230769232 0.19471153846153846
0 0.6466346153846154 0.4411057692307692 0.12259615384615384 0.125
0 0.4230769230769231 0.49278846153846156 0.07211538461538461 0.0625
0 0.5192307692307693 0.4987980769230769 0.07211538461538461 0.0625
0 0.6466346153846154 0.53125 0.09134615384615384 0.06490384615384616
0 0.8305288461538461 0.5528846153846154 0.22115384615384615 0.11778846153846154
0 0.8762019230769231 0.6550480769230769 0.17548076923076922 0.10336538461538461
0 0.7704326923076923 0.7463942307692307 0.08173076923076923 0.06009615384615385
0 0.6778846153846154 0.6670673076923077 0.07932692307692307 0.09615384615384616
0 0.5384615384615384 0.7980769230769231 0.12259615384615384 0.055288461538461536
0 0.43149038461538464 0.6237980769230769 0.0673076923076923 0.07451923076923077
0 0.29927884615384615 0.6358173076923077 0.07932692307692307 0.08653846153846154
0 0.2932692307692308 0.7752403846153846 0.07451923076923077 0.05048076923076923
0 0.15745192307692307 0.9194711538461539 0.18990384615384615 0.11298076923076923