0 0.5817307692307693 0.1658653846153846 0.15384615384615385 0.0985576923076923
0 0.4879807692307692 0.25240384615384615 0.10576923076923077 0.07211538461538461
0 0.40024038461538464 0.25841346153846156 0.06490384615384616 0.057692307692307696
0 0.33533653846153844 0.20192307692307693 0.10096153846153846 0.07451923076923077
0 0.6923076923076923 0.3401442307692308 0.07932692307692307 0.02403846153846154
0 0.7608173076923077 0.3641826923076923 0.06971153846153846 0.05048076923076923
0 0.6971153846153846 0.46153846153846156 0.07932692307692307 0.0673076923076923
0 0.7752403846153846 0.4519230769230769 0.125 0.08653846153846154
0 0.5528846153846154 0.4014423076923077 0.0673076923076923 0.040865384615384616
0 0.41225961538461536 0.4230769230769231 0.10576923076923077 0.052884615384615384
0 0.3161057692307692 0.4387019230769231 0.0889423076923077 0.04326923076923077
0 0.15745192307692307 0.2704326923076923 0.23076923076923078 0.1201923076923077