0 0.42788461538461536 0.078125 0.22355769230769232 0.13942307692307693
0 0.6490384615384616 0.11298076923076923 0.15144230769230768 0.10096153846153846
0 0.8774038461538461 0.08413461538461539 0.09134615384615384 0.16346153846153846
0 0.859375 0.23798076923076922 0.09134615384615384 0.08653846153846154
0 0.8569711538461539 0.35336538461538464 0.09615384615384616 0.09375
0 0.7199519230769231 0.24879807692307693 0.06009615384615385 0.06009615384615385
0 0.5240384615384616 0.22115384615384615 0.18028846153846154 0.08413461538461539
0 0.3317307692307692 0.19110576923076922 0.21634615384615385 0.0673076923076923
0 0.10697115384615384 0.18028846153846154 0.19951923076923078 0.12259615384615384
0 0.203125 0.3088942307692308 0.06009615384615385 0.04807692307692308
0 0.41225961538461536 0.31490384615384615 0.0985576923076923 0.0673076923076923
0 0.7439903846153846 0.4230769230769231 0.0625 0.05048076923076923