0 0.5901442307692307 0.8569711538461539 0.38461538461538464 0.2860576923076923
0 0.9206730769230769 0.8016826923076923 0.0985576923076923 0.10096153846153846
0 0.8016826923076923 0.6634615384615384 0.24278846153846154 0.17307692307692307
0 0.33774038461538464 0.5673076923076923 0.3004807692307692 0.21153846153846154
0 0.11538461538461539 0.8737980769230769 0.23076923076923078 0.1875
0 0.05889423076923077 0.6514423076923077 0.11778846153846154 0.11298076923076923
0 0.1502403846153846 0.35697115384615385 0.16105769230769232 0.11057692307692307
0 0.027644230769230768 0.4206730769230769 0.055288461538461536 0.08653846153846154
0 0.39663461538461536 0.34975961538461536 0.25 0.10576923076923077
0 0.5612980769230769 0.2920673076923077 0.16346153846153846 0.11298076923076923
0 0.6983173076923077 0.390625 0.07932692307692307 0.05048076923076923
0 0.6959134615384616 0.4831730769230769 0.42788461538461536 0.1658653846153846
0 0.8293269230769231 0.2956730769230769 0.17548076923076922 0.11298076923076923
0 0.4326923076923077 0.17067307692307693 0.15865384615384615 0.07451923076923077
0 0.7199519230769231 0.1935096153846154 0.20673076923076922 0.09375
0 0.3894230769230769 0.09495192307692307 0.08413461538461539 0.057692307692307696
0 0.4891826923076923 0.0985576923076923 0.08173076923076923 0.0625
0 0.3581730769230769 0.037259615384615384 0.16346153846153846 0.07451923076923077
0 0.7872596153846154 0.09254807692307693 0.14182692307692307 0.07932692307692307
0 0.9326923076923077 0.18389423076923078 0.1346153846153846 0.06009615384615385
0 0.6310096153846154 0.1045673076923077 0.13221153846153846 0.0985576923076923
0 0.20432692307692307 0.18990384615384615 0.12980769230769232 0.1658653846153846