0 0.6466346153846154 0.18269230769230768 0.2692307692307692 0.22596153846153846
0 0.0673076923076923 0.2548076923076923 0.125 0.0985576923076923
0 0.65625 0.49759615384615385 0.22355769230769232 0.1201923076923077
0 0.7776442307692307 0.59375 0.20192307692307693 0.06490384615384616
0 0.7872596153846154 0.6694711538461539 0.13942307692307693 0.04326923076923077
0 0.6322115384615384 0.6322115384615384 0.16105769230769232 0.07451923076923077
0 0.6838942307692307 0.7247596153846154 0.13221153846153846 0.12259615384615384
0 0.4483173076923077 0.6189903846153846 0.14423076923076922 0.11298076923076923
0 0.3737980769230769 0.65625 0.14423076923076922 0.08653846153846154
0 0.5504807692307693 0.6814903846153846 0.08413461538461539 0.040865384615384616
0 0.4987980769230769 0.7487980769230769 0.13942307692307693 0.08173076923076923