0 0.4110576923076923 0.18389423076923078 0.20673076923076922 0.18269230769230768
0 0.8762019230769231 0.21033653846153846 0.11298076923076923 0.12259615384615384
0 0.7608173076923077 0.3737980769230769 0.125 0.19230769230769232
0 0.4543269230769231 0.49399038461538464 0.22115384615384615 0.12259615384615384
0 0.3701923076923077 0.6117788461538461 0.16826923076923078 0.0889423076923077
0 0.6225961538461539 0.5649038461538461 0.12740384615384615 0.07211538461538461
0 0.4723557692307692 0.6262019230769231 0.12740384615384615 0.06971153846153846
0 0.6069711538461539 0.6033653846153846 0.0889423076923077 0.04807692307692308
0 0.7079326923076923 0.5961538461538461 0.07932692307692307 0.04807692307692308
0 0.6610576923076923 0.6334134615384616 0.09134615384615384 0.05048076923076923
0 0.5504807692307693 0.6610576923076923 0.0625 0.040865384615384616
0 0.4651442307692308 0.6766826923076923 0.055288461538461536 0.03125
0 0.36538461538461536 0.6802884615384616 0.10096153846153846 0.04567307692307692
0 0.42788461538461536 0.703125 0.0985576923076923 0.03125
0 0.46634615384615385 0.7247596153846154 0.08173076923076923 0.038461538461538464
0 0.5649038461538461 0.7403846153846154 0.08653846153846154 0.040865384615384616
0 0.6237980769230769 0.6959134615384616 0.0673076923076923 0.04326923076923077