0 0.8577586206896551 0.8767688679245284 0.28448275862068967 0.24646226415094338
0 0.53125 0.839622641509434 0.3297413793103448 0.1804245283018868
0 0.40625 0.7016509433962265 0.24568965517241378 0.10613207547169812
0 0.41487068965517243 0.5530660377358491 0.5991379310344828 0.09551886792452831
0 0.8814655172413793 0.6591981132075472 0.23706896551724138 0.16863207547169812
0 0.8049568965517241 0.5265330188679245 0.15301724137931033 0.09905660377358491
0 0.5808189655172413 0.47700471698113206 0.2435344827586207 0.04009433962264151
0 0.1648706896551724 0.47700471698113206 0.3297413793103448 0.04245283018867924
0 0.09482758620689655 0.5224056603773585 0.1896551724137931 0.06132075471698113
0 0.75 0.44870283018867924 0.11206896551724138 0.03773584905660377
0 0.27586206896551724 0.42865566037735847 0.19827586206896552 0.03773584905660377