0 0.5 0.9239386792452831 1 0.15212264150943397
0 0.7790948275862069 0.6591981132075472 0.4418103448275862 0.11084905660377359
0 0.7887931034482759 0.7275943396226415 0.17025862068965517 0.04834905660377359
0 0.44719827586206895 0.5795990566037735 0.3081896551724138 0.0625
0 0.7650862068965517 0.5701650943396226 0.27586206896551724 0.05660377358490566
0 0.5797413793103449 0.47464622641509435 0.3017241379310345 0.0330188679245283
0 0.15193965517241378 0.4811320754716981 0.20474137931034483 0.0330188679245283
0 0.38038793103448276 0.5047169811320755 0.1875 0.02830188679245283
0 0.7747844827586207 0.5265330188679245 0.12931034482758622 0.0294811320754717
0 0.615301724137931 0.5288915094339622 0.11422413793103449 0.01768867924528302
0 0.9105603448275862 0.5 0.1788793103448276 0.05660377358490566