0 0.8599137931034483 0.7954009433962265 0.2801724137931034 0.20636792452830188
0 0.6099137931034483 0.7582547169811321 0.1875 0.05188679245283019
0 0.5064655172413793 0.6426886792452831 0.46336206896551724 0.09316037735849056
0 0.8696120689655172 0.6367924528301887 0.2607758620689655 0.07547169811320754
0 0.3771551724137931 0.5341981132075472 0.2413793103448276 0.02830188679245283
0 0.6023706896551724 0.49056603773584906 0.3879310344827586 0.04834905660377359
0 0.12607758620689655 0.4964622641509434 0.22844827586206898 0.018867924528301886
0 0.9267241379310345 0.5141509433962265 0.14655172413793102 0.05070754716981132
0 0.8168103448275862 0.4563679245283019 0.07543103448275862 0.0330188679245283
0 0.2974137931034483 0.4522405660377358 0.1271551724137931 0.018867924528301886
0 0.48060344827586204 0.4569575471698113 0.10344827586206896 0.01768867924528302